0
0
0
1
2
13
26
18
20
15
3
1
1
7
4
10
8
17
10
5
5
12
4
3
5
6
2
2
3
2
2
5
2
3
6
3
3
1
1
5
3
1
3
4
2
2
3
2
2
0
1
2
5
3
3
2
2
3
1
2
6
2
3
3
5
4
0
5
3
3
4
7
2
2
6
4
3
2
4
4
2
7
4
1
10
3
7
4
8
8
3
8
10
4
3
2
2
2
6
0
3
9
3
1
7
5
4
3
3
1
1
0
5
3
4
2
0
2
1
2
1
4
3
1
3
2
0
2
2
2
2
0
3
1
1
0
3
2
2
2
1
3
0
0
2
0
0
0
2
1
1
0
0
1
1
1
1
1
0
0
0
0
2
1
1
0
0
0
0
1
0
0
0
0
0
0
2
1
0
1
0
0
0
0
0
1
0
0
0
1
0
1
0
0
0
1
0
0
0
1