1.21438189871
5.6223063909
11.7721552218
18.3641122487
27.2179448025
38.1024954301
51.1988274382
64.9188022912
80.0303005392
97.5041895267
120.846150348
145.787912609
152.757657955
131.592427956
100.089523084
73.6320960787
54.6023174373
39.4802816106
26.4786137855
17.6374855267
12.199923411
9.28609970197
7.64249627776
6.21910484803
5.24044991808
4.65509305945
4.07045634444
3.5111861835
3.2556914782
2.80925348854
2.61069662677
2.391125442
2.17705578514
1.99959170446
1.92357212631
1.75687066904
1.64994091483
1.56213126012
1.52333637083
1.41260525785
1.38441627105
1.27925976851
1.20698624036
1.16664926693
1.15796934371
1.12386359917
1.07388241045
1.00892837714
1.00460650507
0.982700050797
1.00503534247
0.936589682
0.930199929174
0.943187831628
0.936190159949
0.892216658427
0.9120788773
0.911334278875
0.891534042951
0.914602309545
0.906749460338
0.897504218006
0.903801328398
0.891902508429
0.876888212661
0.871174903263
0.88346684981
0.870922223868
0.876190631977
0.894713568673
0.859153941501
0.891434354695
0.887269827467
0.894383751423
0.901563092399
0.898895113582
0.906649078063
0.91678197739
0.917355506695
0.921224756455
0.910374528386
0.914954782264
0.921574401191
0.911906441708
0.888837502583
0.890498271689
0.890262360468
0.856216027784
0.842903600165
0.821111555664
0.812439271251
0.7948104019
0.782643325192
0.75665925628
0.74517757408
0.709482413371
0.701095690516
0.676372658272
0.663400542469
0.635528000453
0.612945705484
0.592194094323
0.554118506124
0.535397252997
0.513405397556
0.475550072342
0.478169453844
0.450248402882
0.423958408264
0.396119604371
0.38262377716
0.358318659609
0.353203615209
0.341468195593
0.316178928084
0.304193517615
0.28289478438
0.291984475583
0.259366960872
0.259872926112
0.243090082517
0.237369983168
0.224301188774
0.22206897843
0.210288550999
0.203963805445
0.194529535927
0.186922195742
0.183464234277
0.17720324497
0.166013501091
0.170406326716
0.15991562703
0.151693315186
0.148686898953
0.149625547008
0.13757584833
0.130898459998
0.13002452752
0.124036472345
0.124423287488
0.119853438977
0.112729739252
0.106659326355
0.109355478684
0.105483092632
0.102380629169
0.0952797267604
0.0932782483241
0.0905111246823
0.0882012426873
0.0870218855564
0.0824934355319
0.084216365135
0.07895645552
0.0752544019171
0.0686369944288
0.0716207763175
0.0641889330869
0.0674523167026
0.0656419342834
0.0629757401268
0.0637970495762
0.0611391483601
0.0539186199799
0.056833038257
0.0530310244833
0.0507265454768
0.0500158514739
0.0532711077435
0.0446348303751
0.0473081809505
0.0433960375129
0.0442267468088
0.0425593353701
0.0420342477878
0.0410722040189
0.0372925845963
0.0328750332658
0.0332016617087
0.0363884627567
0.0323325663779
0.0328361738732
0.0286877440569
0.029432911123
0.0291388277113
0.02856541834
0.02825330436
0.0251153360245
0.0247205177147
0.0241184185072
0.0267075137676
0.021739934168
0.0234916855275
0.0200741969821
0.0239271204122
0.0225519677091
0.0196098034056
0.0189102115199
0.0201501850634